0.059567
0.007107
0.0035
0.001444
0.000905
0.000852
0.000362
0.000473
0.000076
0.000105
0.000185
0.000058
0.000024
0.000014
0.000022
0.000058
0.000035
0.000006

0.061117
0.019681
0.013289
0.006364
0.004449
0.00364
0.001785
0.00182
0.001321
0.001264
0.001307
0.000857
0.000708
0.000429
0.000276
0.00051
0.000077
0.000141

0.069384
0.023282
0.011874
0.008377
0.005685
0.003906
0.002769
0.002423
0.002151
0.000966
0.001597
0.001518
0.000781
0.000372
0.000693
0.000549
0.000299
0.000349

0.087152
0.038905
0.024573
0.01451
0.010197
0.008936
0.006365
0.004685
0.003165
0.001887
0.002228
0.002114
0.001728
0.000834
0.000984
0.001004
0.000547
0.000612

0.017197
0.011877
0.009089
0.005202
0.005217
0.003434
0.002409
0.001742
0.001318
0.001151
0.001107
0.000527
0.001107
0.000748
0.000478
0.000403
0.000353
0.000287
0.000197
0.000176
0.000192
0.000461

0.130268
0.067363
0.048125
0.036001
0.029856
0.026133
0.021780
0.021460
0.019368
0.016498
0.016443
0.014636
0.012951
0.012987
0.011260
0.010764
0.009376
0.008778
0.008876
0.006971
0.005974
0.005487

0.173392
0.094113
0.068116
0.055424
0.044151
0.034796
0.029051
0.023492
0.022476
0.018759
0.017777
0.017429
0.012005
0.013238
0.012092
0.011123
0.011257
0.008770
0.010051
0.009179
0.008384
0.006096

0.231207
0.148017
0.112531
0.091120
0.072741
0.061320
0.056244
0.050854
0.046118
0.040869
0.038667
0.037662
0.035144
0.034426
0.032198
0.031954
0.030500
0.027488
0.026787
0.027315
0.026123
0.024555

